59.0368
61.9593
60.6738
55.8947
53.148
64.5082
65.1674
62.2449
54.0928
59.4104
60.4541
65.1015
58.5754
59.74
58.9489
58.2897
65.8815
65.0246
57.6635
53.8401
63.3766
61.366
59.9927
61.2891
58.8061
70.8145
54.796
50.654
54.1368
61.3111
57.8063
67.0461
66.1892
62.4427
62.2669
62.5636
63.5633
57.9711
62.0582
62.4976
60.1135
58.6853
63.9479
55.2904
63.6842
71.4518
61.2122
66.9472
61.8494
67.6943
66.9582
54.807
63.1019
64.9367
63.6622
62.4317
61.377
65.2333
60.7178
62.5855
64.3434
56.9604
53.7193
56.6417
63.3876
64.2445
59.9707
66.1122
60.4321
59.6741
61.8165
59.9927
62.0362
58.4106
58.2018
62.157
68.5293
58.3337
64.695
63.1129
64.7389
54.6312
63.6073
63.2228
64.3214
56.7186
66.4638
54.2357
57.5207
55.4881
57.246
61.377
62.3658
63.7831
63.5743
64.0028
65.5959
54.7081
62.5086
67.8152
64.0797
57.9272
65.5409
58.6303
57.235
64.9147
62.6954
52.2031
56.4769
54.9168
58.7512
56.6308
56.9164
54.9608
61.1353
57.7074
64.9806
52.4558
69.8477
59.6191
64.8158
59.729
59.4214
61.6626
55.8837
61.7176
60.4212
57.3778
61.1133
59.5642
58.3776
53.0052
64.8598
60.575
62.8272
59.0039
60.7837
63.4645
58.9599
52.9063
60.4102
58.8501
65.7387
63.1898
66.0683
61.3221
66.4089
61.1133
63.882
60.0916
64.4533
59.707
61.5308
56.7186
65.3212
65.3542
57.5317
65.5739
57.235
60.531
61.0694
58.6853
66.0244
61.1573
66.6176
57.1911
58.3117
65.2992
63.805
55.4991
58.861
60.575
54.3565
67.3867
64.1566
65.9804
62.5526
60.575
61.388
59.9927
51.9504
56.2023
58.1249
62.4317
58.3776
59.2456
57.5866
59.5862
60.4212
63.1568
64.9916
60.6848
56.6308
61.5967
59.5422
57.4328
66.8044
57.6965
59.3225
61.8055
60.1355
60.542
64.5851
62.9261
55.7628
59.9817
60.0256
61.6077
57.9272
57.4987
56.433
61.8604
60.1904
56.7296
55.5321
56.466
59.4324
63.6842
56.8834
58.6743
55.9716
63.9039
58.916
63.9369
56.7956
53.8511
59.4873
54.6532
46.1275
67.7493
60.7947
60.1355
60.8826
55.1476
60.4321
53.3238
60.531
63.4425
57.0702
56.5978
64.4093
65.2992
53.5435
60.9265
57.3888
57.7953
59.6741
61.4759
67.98
58.6633
63.9698
62.0362
65.6288
59.5532
53.95
56.8505
58.6193
62.5965
64.3544
52.5547
63.1788
65.3981
69.8257
60.0037
59.6301
61.8055
63.4095
65.2992
64.7389
63.882
59.6631
59.4873
64.0687
60.1904
56.444
59.8828
64.3654
63.1349
57.235
64.4203
64.651
65.2443
60.9925
63.4315
60.2454
62.1241
60.3223
57.3669
59.0368
56.466
51.0935
60.6409
60.7947
63.9808
56.466
58.2897
62.5745
61.6407
63.5633
60.6299
64.9806
58.037
57.6745
62.981
59.0368
57.5536
59.4433
64.0797
60.9705
63.1019
66.7495
55.9386
51.6648
62.7064
65.9474
62.168
55.0816
58.1249
62.3658
54.7301
53.4556
57.3119
61.8274
55.7189
59.8938
64.695
52.5877
65.7497
57.7953
61.7835
56.411
63.816
57.0263
64.3544
60.8496
55.4332
59.5422
59.0698
58.6962
58.2348
63.827
67.4966
55.7958
55.0707
67.4526
64.1456
56.9494
50.7419
63.2337
56.8834
60.1794
64.7719
59.7839
60.3662
61.9153
57.257
61.7945
58.916
59.3774
61.399
60.0476
58.5974
62.3328
58.9599
60.5969
60.8057
64.1786
55.8727
51.6318
62.7174
58.1469
63.2118
50.9726
61.7945
61.9153
59.7949
64.8378
62.6954
59.1797
63.4864
54.5213
63.4205
63.1788
57.6965
60.8936
60.9485
64.3434
67.6284
47.8634
67.6943
59.9817
64.706
54.6861
57.1691
48.3468
58.2018
64.2445
61.9922
63.5963
65.2223
57.7734
61.366
60.1575
63.4645
57.4657
58.3776
59.1687
58.3337
60.4651
52.28
59.0588
61.8055
69.3973
56.0265
54.3236
59.5972
56.3451
64.8268
57.6415
64.0468
57.3559
64.1456
65.9804
60.7947
64.9586
63.5853
55.4442
61.4429
62.5416
53.2029
60.5969
55.7848
61.6407
57.3119
53.2908
63.6732
55.4003
57.3998
59.718
58.4106
61.7066
63.9259
57.0153
52.7305
60.6738
62.201
60.0476
61.399
64.7169
58.037
51.5769
59.696
58.037
57.8722
61.0364
63.9479
58.4765
58.6084
51.7197
60.0476
60.4321
63.5414
58.1249
59.9817
51.2693
56.9933
53.6534
65.0026
65.519
67.7712
64.706
62.5306
62.2889
62.2669
57.1252
64.662
59.7949
62.5745
62.7284
60.0037
54.7081
63.5524
61.5967
59.0258
63.816
53.8951
60.7508
60.3772
56.9713
56.2462
68.5183
60.1025
56.0265
55.0157
66.2001
56.0155
62.8162
56.2682
70.5179
62.992
56.433
58.5424
59.3225
63.2337
58.7182
56.7077
59.3554
65.1125
63.5304
62.179
60.0256
55.7189
67.6504
63.7611
60.8826
59.1906
52.6756
60.4651
68.1558
66.4418
65.6728
57.7514
61.3221
61.7945
62.0472
59.8279
61.1463
59.6411
56.5209
62.6624
62.6514
58.5754
61.0364
55.3673
59.9268
61.7176
56.6088
61.0913
58.9709
64.706
61.5857
60.7837
62.4866
56.5978
49.83
57.8283
59.1137
62.3658
55.5321
55.3233
63.1678
60.2454
58.7951
57.6965
60.7727
68.7271
61.1463
62.5855
60.6958
57.9382
61.9483
61.6736
59.762
57.0592
57.3449
58.6633
63.7391
60.4761
50.7859
57.5866
57.9931
58.6743
62.8492
58.7951
56.2133
54.763
63.0689
58.5095
67.2768
54.2137
58.081
57.6965
51.7747
55.8177
67.3757
57.5976
57.6305
59.5532
66.5957
60.6738
63.5084
61.0254
62.5745
61.4539
55.9166
66.8813
52.5767
61.388
62.8053
66.7495
67.0241
61.4319
61.6956
66.1232
56.7077
65.6948
59.3005
61.7725
67.7822
63.2777
58.07
64.1017
62.4427
64.695
56.0814
61.0913
62.9371
62.223
62.2779
61.4209
52.3789
61.6407
64.9477
56.1034
60.2344
57.8613
64.7169
59.7949
55.7408
63.805
62.0472
63.0909
60.7068
54.9059
54.6312
57.5646
57.3339
58.3996
62.6185
63.036
56.3012
54.9168
56.6857
61.6846
64.0358
62.8822
56.8725
59.1577
61.377
63.7281
58.2897
64.5082
63.2557
62.1131
58.7182
59.1577
62.3218
60.0037
70.9354
64.2116
57.9711
62.9591
58.4875
59.9597
58.7182
63.2337
52.313
61.6736
52.5877
69.9686
60.542
55.62
54.4993
56.1803
57.8942
66.4968
62.8382
66.9143
62.2999
56.7956
63.2887
57.7184
62.7723
58.2348
66.7824
58.2458
56.9713
57.6635
57.224
50.632
64.1676
60.4212
63.3436
55.8837
53.7632
55.7518
56.2572
56.5429
56.9274
59.9158
61.7176
59.1906
63.7941
58.2018
61.6187
59.6521
55.7299
66.288
61.9922
61.2452
54.8839
55.7299
56.8395
66.5297
67.4636
56.6417
52.1372
56.9604
64.3324
62.0472
60.3992
59.2456
60.4871
55.4662
63.5304
61.5857
60.0476
62.234
56.1254
66.3979
64.2335
70.1334
62.6624
61.5088
58.6413
58.3117
58.7732
65.0905
59.6301
60.4102
60.1685
52.9612
55.6859
70.5179
60.553
61.2122
58.5095
66.5517
58.7622
54.3126
62.9041
55.9716
49.4565
59.4214
58.6743
52.1921
61.6956
61.2342
61.399
63.0799
57.8393
58.3557
64.0687
59.3994
66.8923
65.3432
55.6859
64.5961
57.8063
52.335
60.0366
57.5097
59.0698
60.4651
62.1131
62.9481
58.0041
63.5633
54.5323
63.6952
56.9054
64.0358
58.037
58.2897
60.8386
62.212
58.8061
63.2667
57.3998
57.4657
66.1013
58.9819
56.1693
54.807
53.5984
62.4866
55.8507
67.0791
60.564
58.916
52.7854
58.8061
56.2682
57.7624
60.1355
67.5845
60.0037
61.0254
54.4005
59.4214
59.0588
59.1577
62.0142
58.3227
62.5526
61.0144
56.8615
64.5082
61.7176
61.0364
57.1361
57.8393
58.6303
58.4106
65.1344
64.2006
62.7174
66.6066
60.8716
58.938
60.52
62.168
58.6853
59.4983
54.6422
62.7503
57.257
53.8401
56.8065
58.4326
61.7835
59.5862
62.7174
60.0586
69.7049
63.2997
59.6081
54.7081
59.5862
61.5088
60.9156
56.0924
60.52
63.3766
56.9713
59.4873
58.938
62.0252
58.7622
59.707
60.1355
64.7829
55.62
61.6077
58.2018
57.6855
65.9365
64.706
60.52
58.3227
61.7286
60.2893
53.4996
56.0485
54.9388
61.6736
59.6301
60.2344
56.0595
55.5541
63.047
60.9265
52.5217
64.6071
55.9606
62.3328
69.595
62.4757
60.9265
55.1805
59.3994
60.1575
59.0368
65.0575
61.5748
53.5545
64.6181
64.6071
59.4433
59.9268
62.7503
60.7068
60.4651
62.5196
64.5521
57.4328
61.7835
64.4862
53.4666
64.2994
58.3227
55.8947
56.1364
64.5631
55.2794
65.2113
57.4218
61.3221
56.3231
60.7727
56.1913
62.5745
60.7508
56.6198
56.6527
59.8938
61.2891
58.938
57.279
63.849
53.7742
56.6088
58.037
63.4535
55.9935
56.3121
60.8277
55.2794
61.8494
63.6952
61.4429
58.7512
59.8169
55.7958
61.399
62.4317
64.9586
65.4091
56.389
57.4438
57.4657
60.8496
63.4095
58.092
56.5209
62.8162
58.5424
60.564
56.3451
56.9274
64.1456
60.1575
54.7411
62.4757
65.2004
66.7934
57.4108
57.7844
59.9158
61.1682
56.2243
58.9819
64.673
60.7068
58.5534
61.3111
57.3778
61.1573
63.805
62.3658
61.8604
61.1792
57.6086
57.0812
71.6166
54.5433
58.1579
56.5868
59.5422
66.7605
55.4332
54.818
69.5511
64.662
62.19
66.6506
61.6736
48.6764
53.2688
60.1575
58.7182
64.3214
56.3012
64.2775
58.048
60.1245
63.1458
58.4545
57.9601
63.4864
61.7286
61.5198
66.7275
61.3221
63.7611
63.2228
65.9914
63.4095
57.257
68.793
60.1025
56.8944
58.6853
63.9479
57.0482
54.3016
64.5521
60.0256
54.8289
56.8615
62.1021
56.6308
61.9593
58.07
57.5756
65.0795
59.3005
59.4763
59.9707
58.916
59.1797
63.8929
64.4203
60.6629
64.7719
61.5967
62.7064
67.8591
59.0918
63.4535
57.5756
53.3567
62.5745
57.7404
55.4332
61.8384
67.5076
60.0696
59.2895
59.3994
52.4778
66.1232
62.4757
59.9268
58.1469
66.9362
54.818
65.0136
62.223
61.5857
55.4442
65.3102
55.4442
56.2133
64.8488
61.1353
61.5088
52.7964
62.6514
61.0364
52.1812
53.7523
59.5532
65.3212
56.8395
55.9606
58.927
51.2693
59.9158
53.994
61.1353
54.0049
63.058
61.0254
63.6842
58.2018
60.2783
58.0041
61.6736
67.8481
66.8813
59.7949
56.7956
62.9481
66.3759
61.0034
54.7081
58.7512
60.2234
52.9063
57.235
57.8832
59.696
56.0595
70.4849
57.0922
58.927
57.3009
62.7833
59.1137
62.168
57.246
66.6176
59.8389
55.7848
55.9276
60.0476
67.7493
53.7413
59.5752
66.1892
59.8498
59.1247
67.2988
63.3326
59.9377
60.1685
59.7949
59.8389
62.5855
64.4752
54.785
58.0041
60.1245
60.7068
62.201
60.8936
57.3449
62.0801
60.531
63.2447
65.9035
62.6185
63.2337
61.7286
59.707
63.9808
60.4212
60.1135
53.7083
59.5202
55.4332
59.3445
55.598
53.2908
56.8505
61.1573
61.0144
62.8053
63.2887
59.6191
59.1028
66.8923
58.1909
61.1353
61.7286
66.7605
54.2137
57.0373
55.9935
63.5414
61.7396
63.86
57.9272
63.4974
57.7624
64.9806
62.5855
62.8272
61.2012
64.7829
60.0586
61.9373
63.7281
54.2027
60.1904
61.6736
58.1469
56.3341
56.8285
66.332
67.4856
61.1902
61.7615
63.0799
60.575
56.4769
67.8921
58.7732
58.8171
58.5644
58.7622
64.695
60.8826
58.4216
60.3003
59.729
66.3979
59.1028
58.3996
57.3119
58.9599
59.6081
62.19
57.7844
65.5409
63.036
60.2234
58.7512
62.7503
60.9485
66.9033
62.6185
53.939
59.1467
58.2018
56.8065
66.3649
55.587
63.1349
55.8947
53.3018
65.2333
61.4319
63.1349
56.9933
57.5756
64.0577
68.9248
59.3884
60.1465
64.1346
56.8834
53.3348
63.9479
59.685
53.6314
60.0916
60.3442
65.1784
53.5435
58.8281
53.8731
51.2803
53.5105
60.9156
63.5524
63.9698
54.4554
51.2033
57.4328
57.6196
57.5426
60.586
64.7719
55.2574
57.8942
60.553
59.4763
63.6842
58.3447
63.827
60.2564
62.8162
59.4983
59.2016
58.6084
64.2665
60.6629
54.9498
55.7189
68.5623
61.6846
60.7068
63.2118
57.279
60.9046
65.1454
59.7839
59.685
57.1361
57.246
57.6635
59.7729
61.8934
62.6954
64.8378
61.1133
63.882
61.9153
62.212
57.8283
56.444
65.3322
62.1351
60.1025
63.7721
54.8289
57.8722
63.7831
61.9813
55.609
58.3337
63.7281
63.0799
58.894
60.2893
58.7841
68.4964
60.1025
60.2454
60.3552
65.0026
58.07
55.3343
63.0799
60.0696
59.6411
54.5653
66.321
57.0812
59.685
59.4983
54.9059
65.4421
53.3567
54.8399
51.7637
53.0821
59.74
57.1691
62.981
59.8498
68.0349
57.8063
54.0379
62.0472
61.4869
61.9373
57.8613
62.8822
56.4989
56.6857
56.8615
62.7064
59.9048
50.9177
62.7723
58.2788
65.1454
52.6426
57.1032
56.8725
59.7949
61.1023
64.0468
61.1243
53.1809
62.5855
54.8399
58.1469
58.2568
62.0472
62.6075
56.466
59.1137
63.805
63.6073
60.3992
60.7727
61.8055
58.5534
54.2027
58.7402
63.2557
55.0816
64.5082
63.9589
54.9828
59.4214
53.6973
59.5093
58.4985
57.9492
60.2454
62.2889
59.4104
58.7402
61.2232
65.9035
72.045
63.2777
66.7605
60.1575
61.5857
58.4326
56.7186
64.2555
62.1021
56.6527
57.7404
60.8936
56.0814
60.564
54.1917
57.257
69.8697
52.4778
55.6529
57.3229
53.3567
59.6741
54.3345
61.8494
56.2682
58.7951
58.8501
62.8822
58.081
63.9259
65.8925
64.1676
56.9054
65.9145
66.3869
45.5452
57.0482
62.1241
62.0252
60.1575
59.3554
60.7068
57.0702
66.5407
59.1028
65.0136
53.6863
64.5412
59.0368
63.7721
66.0134
61.2891
66.9033
60.6189
56.8395
58.2897
53.0601
60.0256
49.6982
63.3985
59.2346
65.1894
54.1807
59.9158
58.3996
58.6303
59.8169
62.992
59.2785
57.5646
56.389
64.1127
56.7736
64.2225
61.5418
58.7182
64.651
59.3664
60.3662
63.2118
61.2232
61.3111
63.7611
53.0491
58.3557
63.1019
67.4856
61.1243
50.0937
59.0258
56.411
59.8059
64.0248
66.4968
56.4989
56.1473
61.8604
59.8498
54.8619
63.2777
58.2348
60.0586
60.0916
63.3106
60.9046
64.8378
53.4556
57.3778
56.6088
66.1122
65.7167
63.2667
60.7508
54.8289
62.4647
60.2564
63.4645
63.9039
59.1028
63.9808
61.6517
63.6073
64.9147
70.1773
62.223
58.5754
59.1028
59.5972
51.9395
62.0142
58.5314
58.7732
51.478
59.5093
59.718
50.8078
61.0694
61.4759
58.048
64.2775
54.1258
61.4759
59.1577
55.3124
61.3001
61.8274
59.1687
59.2785
59.3005
64.9257
60.575
57.5756
62.6185
58.6193
63.2997
55.8617
68.4304
61.7505
69.9246
63.2228
55.2574
57.6086
57.4328
60.3992
53.1919
59.9048
63.5414
60.4871
55.0707
61.3001
55.5321
58.861
57.3669
58.037
63.7831
63.5084
55.2135
56.1034
59.3005
62.3548
57.0592
54.7191
56.1473
59.1577
62.3548
66.6286
51.3572
62.223
63.7941
65.6069
68.5073
58.092
63.2118
63.7831
51.6758
60.3113
63.7941
55.8177
51.8625
64.4313
60.8057
56.7626
53.6314
61.2671
52.2361
58.4106
62.6954
56.1803
67.936
55.1915
61.6517
61.2122
57.235
62.0801
57.8393
65.508
58.1359
60.4651
58.2678
60.4981
56.6527
53.2908
58.8281
61.4978
64.3544
60.9925
62.0472
61.5528
66.3979
63.838
57.4657
63.1678
63.3876
59.8279
62.5196
60.509
57.268
58.3996
58.861
55.5651
65.475
54.752
62.5306
62.6734
54.8729
61.4429
59.6411
59.2676
62.5855
63.7721
60.8057
53.7962
58.07
61.4759
62.7284
62.1241
58.4436
65.2443
57.235
51.3572
56.8395
65.5739
61.388
60.1685
61.0254
57.3559
66.9802
57.1361
60.9265
63.0799
64.2445
62.3548
68.1777
55.7408
65.6288
58.861
61.7615
62.6295
64.6071
57.5426
55.1036
59.1906
59.5972
65.7607
63.3106
62.981
56.5758
61.7505
62.7284
61.1792
61.8055
68.0679
57.9601
66.1562
59.4324
61.3221
58.9489
62.201
56.7956
65.1015
63.2008
63.036
57.5207
65.1784
60.586
61.6407
58.6193
55.8947
58.8391
53.148
66.4418
64.9257
58.3996
56.3012
57.4987
58.9489
57.4548
62.4537
68.1997
55.3893
60.0256
55.0487
68.6392
64.4093
59.8498
58.5095
63.4205
54.1588
56.6417
63.827
65.4091
56.7736
59.9817
59.3225
58.6962
53.4776
64.9696
59.6411
64.7719
62.9261
62.3109
58.1909
57.257
55.1915
57.7624
57.5866
60.2124
59.0149
60.7398
56.5099
57.4438
59.2346
52.4778
62.179
62.1021
58.6084
58.1689
62.7284
57.8063
58.4326
59.1687
53.6094
54.9278
69.7818
64.3324
48.8192
57.7624
59.0478
65.1784
59.9048
62.0801
61.333
56.7296
63.5853
61.3001
57.5756
60.2234
62.4757
57.6415
62.7393
61.4978
66.2551
61.3111
63.9479
55.8837
63.5084
57.9492
61.7835
53.4446
61.8824
59.5093
60.1575
60.9595
60.2783
60.7398
63.5304
63.1349
59.0368
62.8602
61.2452
62.1021
60.9046
57.4987
67.7822
69.0567
59.2456
62.9701
57.279
58.9819
60.6189
60.5969
62.5306
55.3233
59.9707
62.1351
54.4774
67.1999
63.003
55.2794
62.9261
54.7081
67.5405
57.0482
61.41
62.4207
54.1917
60.531
64.0138
59.6741
59.9707
55.6639
54.2137
66.1013
59.751
57.4657
54.7191
57.0263
61.9044
50.8957
68.4744
63.1898
56.1144
57.7844
58.9709
56.7186
54.4005
63.1019
60.6189
56.455
60.6848
68.2217
59.3664
57.0922
62.3328
61.8824
50.0497
54.774
56.0485
59.0149
65.7167
60.6299
64.7938
59.2126
63.5524
59.0368
56.5868
61.5638
58.6853
57.5866
57.246
67.0901
62.1461
61.344
68.8699
57.0263
64.2006
57.7624
61.3111
61.3111
58.3666
58.916
55.598
59.4763
62.212
61.5857
62.4097
61.6187
68.5073
55.9276
69.3313
64.4203
56.444
61.8384
61.5528
60.0146
61.7945
57.6305
55.598
60.6519
55.1695
52.5108
63.2777
48.4896
61.8604
50.2255
61.8494
59.2456
58.4545
63.036
56.5538
59.718
53.4446
57.8173
60.3882
59.2676
64.6181
57.7294
55.9166
57.6305
65.9474
60.0696
61.1023
54.1478
55.7518
52.9722
65.2113
65.0575
57.6635
59.3335
58.081
53.8292
56.0814
61.3001
61.7725
60.1794
65.6398
60.0476
50.3574
58.1579
69.0896
58.7292
66.5737
54.8729
57.0702
60.4651
61.0144
68.6941
59.7729
59.5093
60.1904
64.3654
58.6193
59.4104
59.0698
66.8923
64.7719
58.3886
59.8389
58.4765
59.751
60.2454
66.332
53.5875
71.5287
64.7279
61.4429
59.9597
60.7837
65.9804
58.8171
63.3766
54.5213
49.1598
62.2559
53.0931
60.1135
56.4769
56.7956
59.5752
61.1353
57.4657
64.2116
62.6844
62.19
58.07
57.4218
60.2344
62.3878
66.2111
61.6517
58.1469
64.3434
59.74
56.6637
54.8619
60.3992
57.9382
52.7744
62.5196
55.2355
62.0362
46.1495
64.1017
60.5969
55.5431
58.037
64.629
57.1032
58.5424
58.5864
59.4324
61.366
61.2012
58.905
60.0586
61.9703
51.7637
69.1446
59.8279
54.3675
53.6534
56.2572
63.5853
54.8839
60.3003
57.4877
50.8737
63.5304
60.0366
45.7869
62.8822
55.9276
61.0034
61.9593
58.872
57.4657
54.8289
54.0269
60.2344
62.1351
61.7945
54.8839
61.344
55.7848
59.1577
58.6193
66.9472
62.0911
58.6853
64.4752
56.5538
61.5198
63.9918
55.7079
57.7953
63.4205
60.9925
64.1237
60.1794
55.3673
63.3766
58.916
42.6118
64.3104
59.1797
64.5741
60.6738
56.444
63.4535
61.0584
60.1135
61.0364
59.0698
59.3774
57.9162
58.894
60.2783
51.5659
53.148
65.2333
59.762
61.6956
63.3216
61.9153
66.6396
59.3554
52.1592
64.651
61.7286
55.4442
53.137
54.7411
57.0922
60.0806
62.2779
56.1364
65.8376
59.0039
62.5086
54.4334
55.642
56.6088
61.4649
56.9933
62.3109
58.3117
63.7501
60.7617
53.17
57.4767
60.3113
60.6848
68.6612
63.838
55.62
65.7277
62.223
59.1467
63.1898
62.2449
56.444
61.0364
61.0144
59.0039
56.7406
60.8277
56.7956
55.3453
57.7074
54.8839
56.444
62.1241
57.5756
60.7178
58.7951
59.8608
64.8378
69.65
59.4104
59.9487
59.6191
54.4115
54.9498
58.7732
56.1254
59.3445
51.0385
63.882
54.9937
58.4326
56.9933
60.3882
64.2335
64.8598
56.9054
62.3109
62.212
60.2014
54.1258
57.9821
60.7947
56.1473
58.5424
54.2467
61.9813
61.5088
62.0692
61.9483
58.2678
61.344
63.3876
61.2781
52.8404
70.8914
56.8065
56.3781
64.2335
57.9162
63.1568
57.0702
57.8393
57.4767
59.5422
51.7417
59.0258
64.1017
58.1579
61.7396
61.2561
65.3761
53.126
60.564
57.9162
58.9709
61.7945
56.8285
63.3216
58.1469
54.807
54.3785
56.9823
59.74
60.1135
59.74
62.8382
58.872
67.2549
61.7615
52.8294
61.3221
57.7844
53.5765
64.1237
64.8378
59.2016
64.1237
69.3204
62.4207
62.7503
62.4317
51.2583
56.422
64.5412
63.2557
62.2889
53.983
63.1898
58.7182
61.6077
59.8828
64.1346
65.4421
54.5982
61.8604
62.9701
62.4537
65.2113
56.0045
57.1361
60.9815
55.4552
61.8274
66.332
62.0582
56.7956
59.9158
59.8608
59.6631
60.52
60.7727
56.9823
58.1799
55.1915
60.7178
54.9168
58.2128
57.246
61.5748
56.5429
60.542
56.0375
55.0597
57.268
58.2788
66.4089
54.9388
51.1264
57.0373
58.9929
66.354
57.9272
60.3442
61.9922
63.7062
53.148
64.3764
65.7277
61.8934
59.9268
52.8404
61.6517
62.2779
58.5534
66.1232
56.2462
67.4087
60.7068
55.3014
62.2779
61.6626
65.3652
58.5424
53.137
57.7514
56.5868
60.7617
54.4115
53.8511
69.7818
63.7501
54.4005
58.6743
53.939
57.7624
60.9595
63.9808
57.4657
67.8921
63.7941
59.8938
66.5188
62.157
59.6191
64.6071
63.5743
57.4657
58.1249
53.5984
62.4097
62.3548
57.8173
74.0776
63.1678
53.7852
65.9694
58.4655
64.0577
57.9272
68.0239
59.9048
60.5969
63.3436
62.3768
56.6857
68.8369
67.145
55.4442
53.7523
62.5745
57.0043
61.333
60.2344
59.0478
53.4007
59.5972
57.8063
59.8938
55.3783
60.3552
65.5739
60.9925
61.5967
65.519
63.1568
57.1252
56.9713
56.1913
62.6734
54.9498
68.1668
65.0575
66.1232
61.1902
60.7837
55.8727
59.5093
54.0049
61.5198
66.332
54.0379
57.9711
57.4767
48.8412
66.1122
63.9589
62.7393
62.19
60.3223
62.5416
59.0588
61.4209
61.344
66.6945
62.7503
58.7622
59.5642
65.7057
59.2126
62.0362
62.157
60.4431
60.6519
58.3886
59.2346
60.6079
60.1685
58.4875
58.7512
61.1133
60.3442
56.8615
60.4541
61.2452
61.7176
58.6743
57.224
52.7525
63.805
60.575
67.123
58.3666
55.8727
59.4873
59.0039
62.6954
60.2344
59.0039
60.6958
54.7191
68.0459
67.7493
55.5431
62.8272
57.268
56.8834
65.7387
53.3897
55.9056
63.5194
53.6424
55.7958
59.2126
65.9584
64.662
60.8496
55.8727
58.5534
57.9931
53.9171
63.6842
61.2561
61.0144
60.9485
61.6517
67.5845
64.3214
56.9274
58.3447
62.7613
67.123
62.9481
70.5838
59.4763
67.1889
54.3675
58.9819
57.1471
60.1575
60.8057
55.8837
60.8606
52.2251
62.0362
59.3115
58.4326
63.5084
62.5306
55.2794
65.6948
66.9692
52.5547
62.7833
62.7393
63.058
57.0153
53.8401
59.4983
56.466
57.9821
55.0707
55.2245
55.4332
56.7956
52.9283
58.1249
60.1465
59.1028
56.3671
55.7189
59.0808
59.6411
60.6079
55.7408
58.6193
53.5984
58.2678
62.0252
50.665
63.6622
56.0814
61.9703
61.7835
65.486
57.0482
60.6958
64.7499
62.7393
64.0358
56.7956
60.1465
54.4884
62.0252
60.7288
51.8845
62.1241
56.7956
54.5213
63.0799
60.2344
64.1127
70.2652
63.9039
65.6288
58.6303
62.7393
63.4535
62.7613
63.8929
57.1252
61.1682
57.9052
61.1573
56.0265
57.8722
56.444
53.8841
61.1792
61.388
58.4106
58.4875
58.6303
54.8949
63.2557
65.7497
61.9373
63.9698
55.7408
68.2986
60.0366
61.4539
63.003
62.4207
58.3007
60.0037
53.4996
67.947
58.3007
65.2992
56.2462
57.279
58.3557
58.6084
60.0916
58.9819
56.7077
62.168
51.7087
61.4209
59.9268
58.6303
57.9821
59.3225
57.268
52.9942
59.4873
55.0816
58.4545
58.7841
61.2342
70.1663
64.0028
65.9804
64.2116
62.6185
57.8613
64.8378
62.0142
65.519
57.6855
67.947
62.5636
55.9496
54.8839
58.048
61.2781
50.676
59.5422
62.0142
63.5084
55.2355
58.883
64.4752
66.4968
58.081
58.103
60.8716
57.7514
61.2452
58.6523
57.9931
57.0043
62.212
61.6187
66.6396
59.5093
60.1794
52.346
57.9052
53.8621
55.1366
67.3757
53.972
58.0261
65.0026
56.9494
58.5095
59.0039
63.6622
55.9386
62.5196
53.2798
58.2568
62.6844
60.2893
56.3012
61.9373
56.3121
60.7398
59.3335
58.2788
57.6635
66.1232
62.7393
63.2777
56.8505
57.246
50.7529
55.3783
60.2454
53.6644
58.894
62.6734
54.9718
67.925
55.7518
53.6424
52.6646
66.9143
52.9392
58.092
61.5748
59.6081
58.4106
62.9041
64.0468
60.8277
55.3124
62.0582
64.7829
57.4657
60.3992
54.4115
65.0795
63.003
58.037
61.2671
60.564
172.892
62.2449
55.4552
61.4759
64.5192
59.1137
61.6187
59.9487
60.9815
68.9248
59.5093
56.389
57.1911
56.7956
63.1568
71.7924
61.1573
62.4647
60.1904
63.6512
59.729
62.0692
64.5192
52.4668
67.167
59.3664
59.74
59.2566
56.8175
58.4216
60.1135
56.5758
69.4412
58.7732
59.0039
58.7841
61.0254
63.86
64.3104
58.5095
65.3761
55.4442
53.8621
61.0694
49.7092
63.4535
61.6187
61.9483
60.9156
64.8048
67.2219
61.4539
62.6734
60.1794
69.9026
59.3664
56.1693
61.2012
60.5969
61.9483
51.2473
56.4989
62.0362
66.1782
63.4205
66.0793
60.4871
63.6073
67.2768
65.1564
60.6189
59.1028
69.3533
60.6519
60.3772
55.3014
55.7628
60.3882
53.6094
61.4209
58.092
60.1794
58.3447
63.2118
67.8372
62.1241
53.0931
61.6077
60.7398
62.6295
66.2661
55.6859
58.9929
63.3216
58.5095
58.2788
56.0704
62.6734
63.2887
60.8057
57.9162
64.3873
65.8376
56.389
56.2682
58.9929
61.377
68.2766
58.8171
66.1122
60.4761
62.4757
53.2908
54.807
58.9489
63.5084
58.894
63.1898
59.2346
61.4539
63.4864
57.1252
60.1135
63.86
61.2891
62.4976
59.1906
54.4774
54.3455
60.1025
62.7503
59.6741
61.9813
62.6185
59.0918
58.2458
64.1896
59.1357
65.9145
57.4438
54.3126
59.74
61.377
54.3016
59.3554
66.0903
60.553
58.9929
61.0804
57.0592
61.0144
65.519
59.8389
57.4328
61.4429
65.486
58.07
63.2337
61.377
56.0595
63.9149
58.2458
61.2342
57.1801
63.9149
61.355
59.2456
60.553
58.8281
61.4869
64.7169
61.1792
62.7723
59.2456
57.6086
55.1585
59.3225
59.6631
66.8923
60.1135
58.2678
56.6857
60.3113
59.9927
54.6751
49.3576
55.2574
61.0254
59.3774
62.1461
55.1036
57.4767
59.6631
60.1685
66.1452
56.5209
59.7949
66.5297
49.874
60.7508
54.4774
61.1023
52.0713
56.6417
62.4317
55.6529
59.6521
61.5638
62.9371
59.5752
73.4184
56.2133
51.4231
58.2238
56.4989
60.7617
54.1478
57.4218
68.2107
64.2116
58.4436
59.8389
57.9272
64.9477
56.5868
61.5418
55.5541
54.9388
62.0692
57.8283
51.6099
61.0034
62.981
62.6734
59.9817
64.3104
60.4981
54.6751
56.7516
66.5847
62.1461
65.2223
56.8065
62.2779
64.8048
58.4545
61.2561
55.0047
56.7736
57.8613
58.9929
56.9054
62.3328
54.4115
57.8393
48.6105
54.4444
55.3343
61.9373
57.0043
61.0584
61.8274
62.3658
59.0478
62.8602
59.3225
55.8177
62.179
58.8281
63.6622
59.6521
66.1013
62.3218
66.6506
61.8384
51.5989
60.2893
63.4205
59.8718
50.4013
52.7415
63.3546
61.2891
62.8053
62.6405
60.1685
62.5965
57.8063
72.913
59.2895
61.9593
58.7841
62.1351
54.3675
58.938
62.4537
54.5213
56.5648
63.4864
59.751
59.0149
55.3124
58.5424
61.5748
59.6411
57.6855
55.4881
53.3677
59.6521
57.6745
62.9701
55.2355
58.905
66.5078
56.4989
60.9046
60.575
54.1258
65.0026
62.3218
57.3339
64.9367
53.5765
60.4102
55.8837
53.4886
56.5648
63.7721
65.7607
65.2992
63.4974
54.6092
47.8085
56.7846
59.9707
60.4871
56.6308
58.114
62.9151
61.4539
64.7719
52.8953
61.7396
64.5851
60.3442
55.6529
63.8929
60.0586
56.1144
68.1558
64.2885
59.1028
65.7387
57.8393
56.3451
54.0379
57.257
56.8725
58.1359
58.7732
56.9274
60.7398
62.992
56.455
66.5957
54.0489
59.4543
64.1456
61.2012
58.6413
63.5853
55.8068
54.1258
61.6956
54.5763
59.0698
61.0913
57.213
56.389
57.7953
61.5967
55.9716
61.7176
64.2335
64.0358
59.3225
64.4752
48.5665
59.9377
57.6415
54.0379
49.9399
57.0922
65.4201
67.178
64.9477
60.3113
63.2228
61.8384
59.6081
52.4448
63.5743
59.3664
56.1803
62.8602
59.7949
63.5084
60.2014
57.8063
63.86
61.0584
63.1349
59.4873
56.8834
57.0043
88.0087
68.2327
66.2111
54.752
58.9819
56.4879
58.7841
62.8492
63.816
60.7178
57.9162
58.7072
58.6743
58.1359
62.1241
59.8389
58.938
57.3009
51.3022
61.5418
61.8494
63.1898
65.7936
56.5538
59.0698
61.2122
58.092
63.6842
62.1461
67.1889
56.0595
58.9489
55.6529
63.4205
69.7049
58.894
68.9468
60.7727
60.4102
63.4864
58.3996
69.0127
54.774
57.8722
59.9158
58.7732
57.3449
59.5752
58.3337
54.7411
66.4199
60.3662
61.5638
61.7835
64.8708
63.3326
60.1904
58.081
61.3111
56.0814
52.2141
58.6743
60.0366
59.4873
55.9386
50.643
62.0692
62.9701
64.5412
57.5976
64.684
63.2118
58.927
63.047
65.4091
61.1573
68.0459
59.5642
59.0918
61.2452
68.6502
56.9164
58.5205
59.5752
58.114
51.7637
59.5862
59.8498
53.2359
53.972
63.2997
68.1118
63.6512
62.3218
67.3208
51.7307
62.9041
65.9365
60.1794
55.3124
60.1685
63.2118
61.9813
62.8602
54.9388
63.025
63.5194
54.2357
55.4442
58.5754
60.3113
61.388
65.5629
59.9487
62.6624
59.8608
59.9268
66.2001
62.8712
59.5752
69.5511
53.115
60.6409
56.5319
66.277
59.4104
60.3442
57.7624
59.3115
57.3669
63.6842
56.9274
60.5969
62.3878
59.0478
62.4537
61.0364
61.6297
61.9922
58.9929
56.6967
67.9031
61.4319
58.2678
56.9274
61.5088
59.8169
61.6077
62.4757
52.5327
58.3227
57.8173
64.6071
61.3001
57.4877
61.7176
59.4214
58.8501
61.0364
59.4543
60.4321
67.145
56.2902
54.6092
61.6187
60.3772
58.4545
54.9718
62.6295
63.9479
65.2773
59.8608
56.8834
61.2561
58.1249
63.6073
62.5086
60.1135
61.9703
61.7396
55.8068
63.3766
63.0689
56.8505
60.2783
59.5752
62.0142
65.5959
54.6971
65.6178
64.5521
56.2462
55.598
56.6967
57.0263
59.685
63.2447
67.7053
55.8837
60.8057
66.5847
60.0256
62.0362
62.168
59.1247
63.1349
57.6635
63.1898
61.6077
64.695
59.9487
59.1357
54.6312
53.983
59.4983
57.6855
55.9606
58.7951
63.1019
61.6956
57.5207
59.9048
58.8061
61.5748
57.6745
64.684
64.1456
60.7617
56.1364
57.3998
57.9382
61.5088
55.4332
64.5192
58.6193
56.2902
57.9272
56.1583
55.0707
56.6637
62.223
59.3994
61.0254
64.3434
64.8598
53.5765
67.112
58.883
61.9483
65.2113
63.2557
58.3007
65.0575
59.5312
59.696
59.3115
66.0353
60.7178
60.9375
61.9263
58.114
59.2346
52.4998
61.6517
63.1788
59.8169
62.6185
59.4763
57.3119
61.388
59.1577
58.4985
63.2777
65.8705
50.5881
62.9371
55.0597
62.3878
56.2792
65.9804
63.7831
56.422
61.4869
55.1256
53.2249
56.2352
58.9489
60.4761
63.4315
63.2777
57.9052
61.333
55.8837
60.4102
57.6415
57.6745
62.6954
63.805
57.9601
63.3766
61.7396
66.6396
63.1898
58.9599
65.1454
66.6506
57.7184
62.1131
54.4334
71.0782
58.3666
56.7406
56.8615
61.9153
55.7408
55.2025
55.3893
61.7396
66.4089
68.2327
59.5312
57.3119
56.5099
64.8598
60.7508
62.3878
64.706
62.9701
65.8815
59.8938
56.5538
52.8953
55.3893
58.872
60.0696
59.1797
59.2895
62.5086
62.8272
69.3643
55.8068
55.7958
63.2557
62.0582
62.8492
67.3757
65.2333
60.9705
58.9489
63.2118
59.2346
60.586
61.2781
55.4003
56.8944
58.2238
56.2133
54.5323
59.3554
64.9696
60.1135
65.9035
60.7068
55.1695
57.6855
56.9384
60.0696
62.1021
58.4106
56.9054
55.7518
53.3238
64.8598
65.8156
66.0244
57.7514
59.0478
64.4972
60.1465
59.1467
65.2113
61.41
59.2456
56.8505
58.3227
65.3212
66.0244
60.4321
66.0244
58.6853
55.4552
61.7725
57.0482
64.7829
61.7066
59.1467
63.3326
57.8283
60.9705
53.994
56.2572
56.3012
56.8505
67.2549
56.1583
55.6639
64.8158
70.6058
62.1131
64.8927
62.4647
60.52
56.2682
61.2452
55.9935
55.2355
59.3335
60.564
62.3988
65.8705
62.7503
64.7499
68.1668
58.5314
61.0034
61.2232
60.2564
62.168
62.8053
61.9703
55.9496
55.9716
61.8165
57.4877
64.64
61.5857
58.0151
57.1691
63.4864
57.0702
59.9377
64.5631
60.4102
58.3337
57.6635
61.4978
59.8718
57.3119
61.377
60.4541
59.9268
61.4978
55.8507
52.7415
61.377
58.0261
61.0694
60.3223
47.3141
53.148
57.9052
54.5653
58.2458
61.4429
59.0149
60.3113
51.7527
57.0153
59.2236
61.9373
58.7622
65.3871
63.2667
60.4651
64.4862
59.5093
58.883
62.8712
61.2012
64.2994
56.7186
56.0595
58.4985
65.5739
55.0047
57.246
58.7732
53.6863
63.4645
67.5954
58.2458
65.2113
61.0034
59.4104
62.8162
54.9608
55.1805
61.1353
55.1915
58.3447
54.4334
61.9373
58.3337
61.1353
62.4427
62.992
59.6301
56.7077
63.816
65.1564
69.1995
52.2031
58.7841
63.3326
62.1461
57.0482
59.3335
60.9815
56.8944
60.8277
58.5534
61.2452
63.838
60.52
63.1788
64.8048
62.0472
57.257
58.7182
59.9597
57.7184
56.5538
65.5519
58.4436
56.7626
56.5868
51.9504
51.1484
59.7949
56.0924
61.0034
62.1461
63.849
59.7949
56.2902
56.8725
60.0806
55.9056
65.0685
68.2986
58.5095
65.8815
65.7277
61.9922
60.0366
59.0478
64.5302
60.1794
55.1476
61.1133
59.0698
57.7624
57.1142
61.1463
68.002
51.5769
62.179
64.0687
64.0687
61.8934
57.0592
66.5078
68.9029
62.6405
57.5317
63.014
61.9373
64.3434
60.575
59.0588
53.0711
58.4545
55.6529
49.5004
56.0155
67.9141
61.6297
69.6829
60.0146
56.455
67.2768
63.5963
67.4526
60.8606
57.4218
60.1245
61.7176
61.5418
61.6956
62.9481
62.234
62.8712
59.4873
64.2555
61.1682
62.6295
59.0918
56.411
60.542
56.0595
62.7284
65.53
57.8063
55.4991
62.0362
56.7186
60.52
53.3348
62.7393
67.3208
62.0582
66.7275
47.3251
51.456
64.5192
62.8602
56.0704
53.9061
58.114
64.5851
53.6534
57.0812
59.2895
62.8053
66.4638
56.2792
66.4968
59.6411
59.3335
63.058
62.5086
57.4328
52.7854
68.3865
61.1573
55.1695
63.7831
61.0364
56.2133
58.07
69.6829
62.7503
53.137
53.5984
58.07
56.3121
61.1243
56.5209
58.059
65.1015
64.2885
60.0696
60.3992
54.9278
56.0265
61.1353
59.729
61.3001
52.7744
61.8604
60.7727
58.4216
63.6732
60.0696
53.5435
56.5099
54.4334
56.9604
55.3783
54.9828
63.2118
62.6405
68.3096
57.8283
59.0149
59.1906
64.6181
61.8055
61.8824
62.2449
51.4451
63.3326
59.4873
59.8608
57.268
59.5642
55.3893
54.9828
58.4985
55.2904
58.6303
57.0482
63.1898
64.3544
61.2891
62.2669
63.9479
57.0043
53.9061
51.2473
59.1247
57.9931
63.7941
58.905
55.7299
55.2355
62.3218
66.5847
64.1566
57.1911
57.0812
65.7277
53.0271
61.8604
57.3888
65.2333
60.4761
56.8615
59.9377
56.2462
58.8501
57.4767
51.6648
66.3869
57.8063
61.2891
66.7934
66.8703
61.2342
52.8953
55.1915
58.4326
61.0364
54.785
60.0366
56.3341
58.7512
63.7721
66.9472
58.2678
61.9263
52.0933
59.9927
62.2669
69.9466
60.8167
61.6407
58.6413
57.213
54.4774
58.8501
59.751
66.2221
62.1241
58.6303
68.4964
63.4425
57.3778
65.7936
65.2223
49.8959
59.3554
70.1883
65.5629
56.8615
58.3996
63.7172
57.5976
59.0149
55.4003
54.0379
63.4974
54.9498
62.981
63.6512
59.718
56.6198
55.5651
65.8596
54.2027
52.5327
58.0261
54.0599
59.3554
62.3328
59.3774
68.1338
52.9283
64.5412
58.3666
59.0368
56.8505
55.0487
59.3335
53.8841
61.388
60.6629
58.4106
61.7615
68.8699
55.1036
63.058
58.5534
59.1137
59.7949
56.7736
59.5202
60.2234
62.4537
57.5207
56.0704
55.8068
55.9496
64.1237
59.2785
53.3018
59.1797
64.2445
64.684
62.7833
55.2464
61.1023
61.3111
70.1773
63.1458
61.388
64.9367
50.4782
59.6521
61.7505
66.6836
63.3876
67.6504
56.4989
60.575
61.5528
64.1456
60.8057
52.9612
61.4319
62.6295
62.6514
62.9261
60.9705
60.8277
61.5967
64.1237
61.9263
61.2891
65.1564
58.7402
58.7402
66.4638
60.4321
63.9259
62.2999
66.1013
62.0252
58.872
59.696
64.1896
67.112
65.0905
67.8372
61.8384
60.7178
64.5082
62.1241
58.927
64.7719
64.5302
64.3983
58.6413
58.894
64.2555
65.2992
56.9054
61.0364
64.0907
54.8399
60.9815
56.9933
52.2471
62.3878
51.5769
59.1577
53.6094
64.9586
61.7835
62.2559
55.3783
59.8608
51.467
58.7292
62.4647
66.3759
62.234
56.3341
63.3216
59.751
62.0911
63.3106
57.7953
62.1241
56.9494
60.8057
62.9371
65.6948
65.7717
59.1028
59.707
58.3227
59.6411
64.0248
58.1689
48.8412
65.9474
63.7611
67.167
57.3559
60.2783
59.6631
61.5308
63.6512
56.7077
60.2893
54.8619
54.2906
57.8393
62.5965
63.7941
62.4207
59.1357
57.9382
59.7949
59.0808
61.9922
59.2346
57.4548
53.4886
59.8279
55.9496
58.5534
60.0586
57.3998
62.1241
63.7941
59.1137
66.1672
62.8822
60.553
62.981
62.157
60.3552
63.5633
62.1351
68.4964
61.0254
57.1801
54.6532
64.8378
66.8044
55.4772
47.7975
62.0911
56.2352
56.3451
61.9703
63.2667
56.9823
59.4983
51.5439
67.3537
56.6417
60.2344
57.3229
63.4864
52.6865
67.6504
64.662
56.2902
52.9283
63.1898
63.4095
65.1674
63.1678
60.7508
64.2225
56.9164
65.2882
60.3882
57.224
53.0931
56.9274
59.2456
61.8384
53.7962
56.6967
62.6185
55.8617
64.9916
57.4987
57.224
61.8274
66.7165
54.0709
55.3233
71.6935
57.246
60.586
56.9384
52.8404
58.5095
54.763
51.2033
59.3554
61.4978
58.6084
65.497
60.3442
59.1357
56.8725
63.5963
59.8498
64.9916
58.8501
56.6637
67.0791
58.7512
60.4321
54.3455
62.1021
63.9479
65.4091
58.883
64.9367
60.4212
65.9365
66.354
62.7833
55.9386
56.0375
64.9696
64.5741
62.3218
50.5991
54.3565
54.0159
58.916
59.4104
55.3453
62.179
54.2357
62.0362
64.8268
59.4214
59.696
61.4978
48.5006
61.0474
61.2781
58.8501
57.9382
62.7064
65.6398
59.0368
59.2895
62.212
64.0797
64.2445
63.1898
62.6844
61.5638
57.4657
53.1809
49.3905
56.7296
56.3012
61.7066
53.6753
63.1129
59.9817
55.0597
56.9604
56.5209
69.5401
54.6751
58.3666
60.4541
57.4328
56.7516
56.5648
60.4431
56.9494
59.5312
59.6191
57.224
56.466
53.3567
70.3201
58.1689
56.4879
50.8518
60.2783
71.1771
63.4205
61.7835
62.6295
56.411
58.7182
63.4645
52.0603
64.7829
61.8274
60.3772
61.5857
54.6532
58.8391
61.9703
61.6626
56.0814
56.5099
59.9927
64.1676
57.7844
64.9257
52.313
55.642
59.2676
55.5541
59.1687
62.0252
59.3225
57.7184
58.3996
56.6198
59.2126
63.3985
58.5205
59.9817
64.0138
50.5991
56.0375
59.0368
66.6286
61.344
51.0935
63.5743
61.6517
57.3229
49.9838
60.3442
59.8608
59.3664
65.464
59.3445
59.0149
54.807
64.7829
56.9054
60.8936
55.4442
62.5196
61.9153
61.6736
60.2454
60.8716
51.2803
59.6521
59.3774
58.092
57.4438
58.4655
54.8509
60.4212
63.6293
59.8498
65.2882
63.6512
63.2447
64.4203
62.5196
60.0586
55.2025
64.1456
60.542
56.411
63.5743
63.6183
61.8714
53.4446
70.3641
65.8705
63.6842
59.8828
58.081
59.3664
57.8393
59.1247
54.6422
67.2768
55.9386
54.0049
69.65
59.2236
56.0924
62.19
60.553
64.1566
61.9153
62.223
61.388
61.9703
54.0819
51.6538
51.511
62.5745
60.7837
53.0491
63.047
60.7068
64.4533
59.4324
59.7729
64.1017
57.5097
57.0702
66.2661
55.1915
56.7516
55.2464
58.4326
59.0918
62.4757
53.0052
53.126
57.7074
60.9156
61.5088
58.3227
60.6409
61.7725
67.2988
61.1353
57.6635
57.279
61.5088
58.927
63.3985
62.8492
57.3339
62.2889
67.8042
61.366
57.7184
57.4987
54.5323
62.5196
60.7947
54.1697
65.2004
62.5745
63.2337
68.8809
51.489
58.1689
64.1127
53.126
61.5857
54.1368
61.1682
58.883
60.1245
60.542
60.2234
59.4433
60.0806
61.0034
59.8498
57.7184
60.1465
60.7398
53.4446
60.2124
66.31
66.4199
56.5099
62.0252
59.4543
55.4003
56.9494
58.0151
54.2247
56.4
57.8613
59.5972
63.058
60.3442
63.1568
60.8277
59.4324
56.9494
59.1357
58.7841
58.2678
61.1573
61.344
63.6293
53.7632
68.9578
58.872
61.7396
60.0037
61.0584
57.7844
59.2346
63.6952
57.5976
59.3774
61.355
65.0026
59.6081
59.4543
64.1566
60.8386
65.6398
63.7391
65.7936
68.5513
60.542
65.0246
58.9489
68.1008
55.7848
55.62
53.4556
57.6855
54.9608
55.4222
65.7497
58.7622
57.7514
57.4767
53.6204
60.1794
60.1025
58.103
62.234
60.3113
59.2126
57.3778
55.9716
58.7182
57.7953
61.4319
58.2018
66.4528
57.9821
59.0698
55.4222
59.0039
56.6967
60.9375
56.5648
60.1355
54.774
59.2016
62.157
59.3774
56.0704
60.542
60.8826
63.4974
61.8384
58.9489
53.994
59.6631
60.9485
65.1454
57.7074
55.8507
57.0702
51.0276
60.3662
60.2564
61.333
56.433
58.905
65.3652
70.2322
59.2566
59.2016
59.1028
66.0024
64.3214
60.4431
57.0702
64.4093
56.7516
58.5205
56.2462
59.1028
61.1243
56.4
64.4752
60.1575
62.6734
58.2018
58.905
53.2688
61.2232
58.3886
58.4875
61.6846
61.4429
63.2777
56.1034
54.8399
57.9162
57.246
63.7611
63.838
60.9156
59.3554
60.575
53.3897
59.7729
62.2779
65.5629
60.3552
61.2012
57.235
59.4763
60.0146
64.6181
59.1687
59.0808
58.07
56.2462
65.8596
61.9373
60.6299
60.7178
56.3451
53.4117
53.8621
53.5545
61.6736
54.6532
58.2128
53.2908
59.9927
60.3772
62.1131
60.2783
56.6088
52.2361
59.3884
56.4769
63.7062
59.9158
65.8705
58.3666
56.389
60.3333
68.815
60.4212
65.3981
58.2128
62.2889
57.8063
60.2234
62.3548
52.1262
55.4003
60.7508
59.1577
63.4754
64.0687
58.2678
63.5414
58.1359
58.037
52.7305
66.6506
49.4345
65.1015
63.8929
64.5851
56.8175
60.509
55.8397
66.7055
65.0905
58.5095
63.0909
61.366
63.3876
53.983
65.0905
63.3326
63.3985
58.092
65.2113
66.4748
58.2348
63.4535
65.497
50.5881
60.9595
62.2669
60.9815
55.5431
60.3882
65.2992
64.706
60.1025
66.8484
57.6745
62.8053
66.1562
59.3884
58.048
55.1366
56.1693
56.3341
62.223
58.8391
65.1784
63.014
64.1237
60.7508
58.3117
60.9595
59.6191
65.2773
60.0476
59.2016
63.6402
56.8395
58.048
62.6075
59.4214
57.5426
64.4093
56.7736
55.7079
64.7279
56.7516
55.4881
58.7402
58.103
59.8498
63.5194
64.5741
62.6624
55.1146
67.3977
64.9037
59.3005
58.8171
56.6198
56.0375
64.0577
58.1469
59.9597
55.4442
56.8395
62.179
63.6952
65.486
63.7062
61.6846
59.751
58.5754
58.2458
62.5306
57.6745
64.2885
60.4212
53.983
61.6517
57.5646
59.4983
61.3221
60.3882
54.6532
62.3878
62.4976
54.6971
61.6846
53.4227
55.2574
53.0491
62.5416
54.8729
60.4541
60.8826
64.7169
62.19
58.6743
59.7729
53.5765
55.9386
56.2243
64.0138
56.6308
64.662
60.564
58.4216
58.4436
59.4324
58.6413
63.3546
52.7415
56.8944
55.1695
59.8498
58.7841
56.2023
60.0806
61.3001
59.4214
60.0696
59.9707
57.3559
59.0039
63.2337
58.4875
54.2137
60.564
64.9477
62.7833
58.0261
60.4102
59.9707
62.7284
64.9147
53.2798
56.9933
58.6303
57.5536
59.1577
60.2454
71.8583
54.3675
62.3988
54.4444
65.2004
59.6081
58.916
59.2676
62.8162
60.7837
59.0588
59.762
57.8393
62.2669
60.3113
58.883
60.7837
58.9599
57.9711
63.047
62.4317
62.0692
61.8714
61.6736
51.5879
64.1786
57.0482
56.2682
59.0588
71.6056
58.7622
65.7826
65.2773
64.7169
51.5989
57.8173
63.9369
53.8511
61.3221
59.3554
63.7831
62.9041
58.4765
51.9065
55.0487
55.8177
55.3124
63.5524
54.5543
64.8048
60.2673
60.3772
61.7835
59.0698
55.9496
59.9268
62.5196
63.2667
59.6521
60.9705
67.5625
61.1353
61.377
59.9048
50.8628
62.6844
60.6299
62.9041
50.7968
61.8384
69.5181
55.2355
62.4866
60.7947
56.2682
58.1359
63.7831
62.8492
63.9808
64.4752
61.5967
48.8961
65.0905
59.696
57.1252
58.6633
64.0907
59.2126
56.9164
67.145
64.2885
62.9481
59.2346
59.4653
62.0801
56.389
58.3776
62.8602
56.3451
54.5543
61.2122
66.1342
46.3363
54.7301
57.8722
54.9608
60.8606
58.916
54.6861
57.4767
57.246
60.52
62.4757
62.6734
62.8822
54.9498
66.6945
55.2135
66.3759
60.4321
58.7732
56.8615
61.1682
60.9156
67.167
61.1573
58.092
65.8486
62.0032
59.2016
60.6848
60.8936
57.9601
57.5317
58.3337
56.7186
58.4106
67.4306
53.5545
57.246
61.399
56.5978
59.0039
56.9494
59.3445
62.7064
63.2887
55.8287
64.0797
62.3878
61.4649
55.5651
64.2445
61.8934
68.1448
57.7953
66.7055
55.2355
61.9153
67.4416
59.8169
54.5433
58.2128
57.6635
62.9041
65.0026
53.6534
57.5536
65.0905
61.6407
54.7191
63.9149
57.7844
56.2682
55.2464
51.489
55.9606
63.7062
59.9487
59.8938
61.4978
59.3005
60.0256
49.028
58.4875
64.3324
56.9494
53.7413
62.8053
59.9597
50.2915
69.7928
57.6086
54.9828
57.4987
65.8596
54.9937
55.1805
55.3893
59.6631
62.8382
57.5207
58.3557
69.8477
57.8613
61.1353
60.2234
58.1799
55.1036
62.19
59.751
62.3658
54.2027
65.9035
66.2441
62.8932
59.4873
64.673
58.9819
60.7508
50.687
66.6396
60.1794
56.4989
61.1902
66.288
61.4759
62.6405
60.2344
63.2447
64.2225
58.5754
63.1458
58.872
60.8277
60.9485
59.4873
60.1794
62.3878
63.9479
56.7406
56.5868
54.6861
65.7057
